Video Capture Init Time: 0.01141977310180664
Frame Read Times:
0.4397447109222412
0.032646894454956055
0.03303027153015137
0.03549790382385254
0.03333115577697754
0.033251285552978516
0.03543972969055176
0.03192257881164551
0.03343820571899414
0.03257298469543457
0.03318047523498535
0.036074161529541016
0.03115558624267578
0.03264641761779785
0.033357858657836914
0.03382682800292969
0.034470319747924805
0.03233742713928223
0.0316469669342041
0.03371071815490723
0.033301591873168945
0.034906864166259766
0.03122711181640625
0.03401470184326172
0.033112525939941406
0.0336756706237793
0.035965919494628906
0.03036022186279297
0.033153533935546875
0.03456926345825195
0.03151845932006836
0.03588724136352539
0.03116130828857422
0.03295087814331055
0.03307032585144043
0.03475022315979004
0.034525394439697266
0.030635833740234375
0.033228397369384766
0.03405570983886719
0.03313755989074707
0.03504204750061035
0.03111886978149414
0.033731698989868164
0.03327131271362305
0.03373908996582031
0.03428959846496582
0.031885623931884766
0.03339242935180664
0.03260231018066406
0.03331112861633301
0.03594017028808594
0.031158924102783203
0.03265786170959473
0.0334477424621582
0.0347132682800293
0.03457474708557129
0.030640602111816406
0.03310108184814453
0.03397536277770996
0.0332951545715332
0.03469491004943848
0.03122568130493164
0.03395509719848633
0.03323864936828613
0.03365612030029297
0.034493207931518555
0.03172898292541504
0.03330039978027344
0.03294205665588379
0.03302264213562012
0.036069631576538086
0.0312647819519043
0.0326383113861084
0.03322792053222656
0.03482317924499512
0.03431534767150879
0.030852556228637695
0.03332352638244629
0.03369474411010742
0.03330230712890625
0.035599708557128906
0.030999422073364258
0.03357195854187012
0.03458142280578613
0.03185749053955078
0.033776044845581055
0.03212785720825195
0.03309917449951172
0.03346538543701172
0.033344268798828125
0.03584575653076172
0.03125476837158203
0.03292369842529297
0.03294730186462402
0.034865379333496094
0.03454852104187012
0.030696630477905273
0.03316617012023926
0.03394627571105957
0.0331876277923584
0.03484535217285156
0.03136253356933594
0.03363752365112305
0.03330564498901367
0.03371691703796387
0.03442740440368652
0.031789302825927734
0.033330440521240234
0.03273820877075195
0.03318309783935547
0.035980939865112305
0.031125545501708984
0.03283572196960449
0.033225059509277344
0.03471016883850098
0.0344851016998291
0.030827760696411133
0.03318357467651367
0.03389692306518555
0.03330087661743164
0.03474926948547363
0.03125762939453125
0.03397488594055176
0.033098697662353516
0.03372693061828613
0.03435707092285156
0.031839847564697266
0.03320884704589844
0.03303217887878418
0.03411722183227539
0.03478431701660156
0.031416893005371094
0.032620906829833984
0.03322458267211914
0.034874916076660156
0.03506326675415039
0.029954910278320312
