0.15494346618652344
0.09865283966064453
0.09854412078857422
0.10029172897338867
0.0981447696685791
0.09798622131347656
0.09798121452331543
0.10091853141784668
0.09836196899414062
0.09875893592834473
0.11004471778869629
0.1001901626586914
0.1001429557800293
0.10022664070129395
0.09994339942932129
0.0979914665222168
0.10024213790893555
0.09801983833312988
0.10024285316467285
0.09972548484802246
0.10123801231384277
0.09927201271057129
0.11139297485351562
0.10687994956970215
0.10554623603820801
0.12169504165649414
0.09991288185119629
0.10647749900817871
0.10625648498535156
0.09899544715881348
0.10139656066894531
0.10410523414611816
0.10137701034545898
0.09932875633239746
0.09932208061218262
0.09956479072570801
0.1014547348022461
0.09949278831481934
0.09925007820129395
0.09913969039916992
0.09940958023071289
0.11232733726501465
0.10231375694274902
0.10346746444702148
0.10672950744628906
0.10255670547485352
0.10165834426879883
0.09916281700134277
0.1110389232635498
0.10195016860961914
0.10066056251525879
0.09787106513977051
0.0979313850402832
0.0979461669921875
0.10025858879089355
0.09966063499450684
0.10196566581726074
0.10035371780395508
0.10047626495361328
0.09795427322387695
0.10065054893493652
0.10019373893737793
0.10044384002685547
0.09799480438232422
0.09749746322631836
0.09943079948425293
0.09939217567443848
0.09975123405456543
0.09923171997070312
0.10178160667419434
0.0994877815246582
0.09928011894226074
0.09903383255004883
0.10003829002380371
0.09940743446350098
0.10167598724365234
0.0994873046875
0.09972119331359863
0.09937906265258789
0.10165548324584961
0.10127663612365723
0.09922099113464355
0.09944605827331543
0.10162687301635742
0.09929394721984863
0.10163402557373047
0.09977245330810547
0.10033941268920898
0.09751629829406738
0.10188603401184082
0.09775185585021973
0.09915447235107422
0.10301399230957031
0.10216236114501953
0.0979611873626709
0.10044312477111816
0.10007596015930176
0.1002969741821289
0.09759998321533203
0.10123896598815918
0.12515926361083984
0.09958314895629883
0.09985542297363281
0.09950971603393555
0.09945464134216309
0.09328794479370117
0.10216569900512695
0.10429143905639648
0.09951019287109375
0.1069650650024414
0.10166025161743164
0.10143780708312988
0.09975385665893555
0.09974074363708496
0.10120797157287598
0.10193276405334473
0.0999300479888916
0.10015726089477539
0.10031843185424805
0.1001591682434082
0.09796881675720215
0.09721708297729492
0.10127472877502441
0.09917092323303223
0.1011500358581543
0.10053277015686035
0.09729528427124023
0.0994117259979248
0.09977507591247559
0.09761905670166016
0.0997920036315918
0.09951615333557129
0.09702825546264648
0.1077721118927002
0.09948205947875977
0.09938478469848633
0.0973353385925293
0.09720921516418457
0.09663581848144531
0.0997915267944336
0.09729385375976562
0.10366106033325195
0.09752726554870605
0.09877538681030273
0.10395264625549316
0.09662771224975586
0.09903788566589355
0.1031038761138916
0.09745955467224121
0.1020205020904541
0.09770345687866211
0.10338687896728516
0.09751582145690918
0.09861254692077637
0.1038506031036377
0.10434126853942871
0.09977388381958008
0.10139966011047363
0.09705901145935059
0.09977865219116211
0.09691452980041504
0.113494873046875
0.09951162338256836
0.10202169418334961
0.10033893585205078
0.09787774085998535
0.10090351104736328
0.0965733528137207
0.09914875030517578
0.09900736808776855
0.09718585014343262
0.11234045028686523
0.09683942794799805
0.09674239158630371
0.09869551658630371
0.09706521034240723
0.09926748275756836
0.0972588062286377
0.11003613471984863
0.09662938117980957
0.09889769554138184
0.0989224910736084
0.09891271591186523
0.11476016044616699
0.10544943809509277
0.10265803337097168
0.09847712516784668
0.10222148895263672
0.09917974472045898
0.0983436107635498
0.11076211929321289
0.10052967071533203
0.10338044166564941
0.11047101020812988
0.10041069984436035
0.10539913177490234
0.10168623924255371
0.10034012794494629
0.10826277732849121
0.10087704658508301
0.0978848934173584
0.10055422782897949
0.10047388076782227
0.12673044204711914
0.0994105339050293
0.09852862358093262
0.10038614273071289
0.09943604469299316
0.11962628364562988
0.09795641899108887
0.09782147407531738
0.10029458999633789
0.10050702095031738
0.10955810546875
0.1056520938873291
0.1038827896118164
0.09997797012329102
0.1061258316040039
0.10260009765625
0.10278081893920898
0.1054830551147461
0.1055290699005127
0.1063840389251709
0.1099710464477539
0.1039128303527832
0.1026611328125
0.10271310806274414
0.1028435230255127
0.10254740715026855
0.10185623168945312
0.10248994827270508
0.1023397445678711
0.10276007652282715
0.10674834251403809
0.10219860076904297
0.10267114639282227
0.10268187522888184
0.11251521110534668
0.10364294052124023
0.10335516929626465
0.11606645584106445
0.10264825820922852
0.10264825820922852
0.10242342948913574
0.10267496109008789
0.10251593589782715
0.1026773452758789
0.1011660099029541
0.10717463493347168
0.10262799263000488
0.10251641273498535
0.1025848388671875
0.10270571708679199
0.10248827934265137
0.10282063484191895
0.10202336311340332
0.11732983589172363
0.19002795219421387
0.10175848007202148
0.09952259063720703
0.1055152416229248
0.09610557556152344
0.11077642440795898
0.09950113296508789
0.09911465644836426
0.1398148536682129
0.10542154312133789
0.10663151741027832
0.10836553573608398
0.12362217903137207
0.1165304183959961
0.10280466079711914
0.10294318199157715
0.10269618034362793
0.10300707817077637
0.10244393348693848
0.10256838798522949
0.130479097366333
0.11084508895874023
0.15461134910583496
0.10616087913513184
0.10277581214904785
0.1151888370513916
0.10074591636657715
0.10061454772949219
0.09914875030517578
0.14135193824768066
0.10605764389038086
0.10312938690185547
0.09922647476196289
0.10248112678527832
0.10663366317749023
0.09921121597290039
0.1008462905883789
0.09843254089355469
0.10077953338623047
0.10991978645324707
0.10093808174133301
0.12282037734985352
0.10109353065490723
0.11279821395874023
0.09857606887817383
0.09872055053710938
0.10103464126586914
0.10099005699157715
0.10600996017456055
0.12135100364685059
0.10067224502563477
0.10558557510375977
0.10601568222045898
0.10450983047485352
0.1240243911743164
0.1058809757232666
0.10056686401367188
0.10840201377868652
0.12117481231689453
0.10346388816833496
0.10292387008666992
0.11257290840148926
0.09917378425598145
0.10163426399230957
0.14040803909301758
0.10080480575561523
0.10684370994567871
0.1028132438659668
0.10026073455810547
0.10060691833496094
0.11059117317199707
0.10608673095703125
0.12278580665588379
0.10638856887817383
0.10632085800170898
0.10633182525634766
0.10347700119018555
0.10925078392028809
0.10356926918029785
0.10341405868530273
0.10370135307312012
0.1230611801147461
0.0997762680053711
0.10183429718017578
0.1021888256072998
0.10193848609924316
0.10608744621276855
0.10165834426879883
0.0994722843170166
0.11773443222045898
0.10261273384094238
0.10175204277038574
0.1251847743988037
0.1155235767364502
0.10467839241027832
0.1054532527923584
0.10739922523498535
0.1512925624847412
0.12519550323486328
0.16399288177490234
0.1026310920715332
0.10729622840881348
0.09984803199768066
0.09976983070373535
0.10026764869689941
0.09997272491455078
0.10001349449157715
